%YAML:1.0
---
my_detector: !!opencv-object-detector-hog
   winSize: [ 64, 64 ]
   blockSize: [ 16, 16 ]
   blockStride: [ 8, 8 ]
   cellSize: [ 8, 8 ]
   nbins: 9
   derivAperture: 1
   winSigma: 4.
   histogramNormType: 0
   L2HysThreshold: 2.0000000000000001e-01
   gammaCorrection: 1
   nlevels: 64
   signedGradient: 0
   SVMDetector: [ -4.52970201e-03, 2.11556139e-03, 6.90531591e-03,
       -1.15770230e-03, -6.47284370e-03, -1.03551140e-02,
       -1.40108932e-02, -4.29752516e-03, -3.13632912e-03, 2.54732533e-03,
       2.41874419e-02, 2.28734929e-02, 3.41245765e-03, -9.13172681e-03,
       -1.59877669e-02, -1.44207710e-02, -7.06826430e-03,
       -4.90015233e-03, -4.09128051e-03, 1.49251418e-02, 2.22193655e-02,
       1.23533159e-02, -5.58007462e-03, -1.85464174e-02, -1.84870400e-02,
       -9.21418983e-03, -9.75572690e-03, 4.58215782e-03, 2.99872179e-02,
       2.88885869e-02, 1.36699090e-02, -1.21470643e-02, -1.70876123e-02,
       -1.41799655e-02, -1.10317450e-02, -1.01285158e-02, 9.52601619e-03,
       2.47305464e-02, 2.36231741e-02, 1.04156665e-04, -1.53114628e-02,
       -1.65375266e-02, -1.46567393e-02, -1.01534287e-02,
       -7.56963622e-03, 1.74558945e-02, 3.53320129e-02, 2.44526137e-02,
       -1.92139554e-03, -1.71696469e-02, -1.79288480e-02,
       -1.39142778e-02, -9.20970924e-03, -7.39656948e-03, 2.97505670e-04,
       2.55350005e-02, 2.64983214e-02, -3.92123358e-03, -2.22009514e-02,
       -1.69063415e-02, -1.44638699e-02, -1.16365468e-02,
       -1.20804580e-02, 6.09147968e-03, 2.04995330e-02, 1.40322549e-02,
       -8.96752998e-03, -2.47232486e-02, -1.64591316e-02,
       -2.09129397e-02, -1.38304681e-02, -1.60277765e-02, 2.82399077e-02,
       3.59378792e-02, 1.83041487e-02, -2.13190360e-04, -1.44555746e-02,
       -1.47189172e-02, -1.02434140e-02, -3.97270964e-03, 6.55562617e-03,
       2.26663854e-02, 2.55125500e-02, 3.93847935e-03, -3.33094457e-03,
       -1.04032382e-02, -1.88324936e-02, -1.76668465e-02,
       -1.11638736e-02, 1.08877411e-02, 1.09882299e-02, 1.90458968e-02,
       3.18547222e-03, -8.95803142e-03, -1.92114767e-02, -1.73899531e-02,
       -1.90410744e-02, -1.50915487e-02, -1.12057747e-02,
       -2.92387418e-03, -1.76665350e-03, -4.91653988e-03,
       -9.97086335e-03, -1.75785981e-02, -1.95667855e-02,
       -1.88986789e-02, -1.65365636e-02, -7.75355892e-03, 3.24455760e-02,
       1.97191238e-02, -1.65474508e-03, -2.23313109e-03, -5.92835806e-03,
       -1.33695463e-02, -1.08474195e-02, -9.55134281e-04, 2.31767092e-02,
       2.06839722e-02, -2.53013847e-03, -9.28486791e-03, -5.20433020e-03,
       -1.03229648e-02, -1.05046863e-02, -7.55553273e-03, 1.07123498e-02,
       2.87771821e-02, -6.15434605e-04, -8.08386691e-03, -5.67606557e-03,
       -6.31839503e-03, -1.54196275e-02, -1.24724237e-02,
       -1.14112170e-02, -7.96151627e-03, 2.22542061e-04, -8.83726869e-03,
       -1.71666052e-02, -1.39862690e-02, -1.27315884e-02,
       -1.60066318e-02, -1.17108701e-02, -6.67654211e-03,
       -8.38461099e-04, 4.23420541e-04, 8.38831719e-03, -6.54113432e-03,
       -6.83871936e-03, -4.97906515e-03, -1.07038021e-02,
       -6.35875529e-03, -6.28989539e-04, 1.81913264e-02, 1.72610376e-02,
       9.76736750e-03, -9.77645977e-05, -1.01166433e-02, -1.47865340e-02,
       -1.58745665e-02, -1.54291920e-03, 1.72363613e-02, 2.87403334e-02,
       2.55108196e-02, -1.17811998e-02, -1.66629367e-02, -1.48300743e-02,
       -1.56705156e-02, -1.33538013e-02, -9.52825882e-03,
       -6.79496909e-03, 4.00130113e-04, -5.57026407e-03, -7.73740839e-03,
       -8.15233402e-03, -1.72640420e-02, -2.20115446e-02,
       -1.56650469e-02, -3.52068152e-03, 6.55629626e-03, 1.43911652e-02,
       6.81360252e-04, 3.21173517e-04, -2.34897318e-03, -1.16996067e-02,
       -1.67531986e-02, -1.85699388e-02, -6.15577213e-03, 1.58867110e-02,
       2.64177881e-02, 1.73186343e-02, 9.43653751e-04, -3.53356195e-03,
       -1.10863671e-02, -1.34946695e-02, -2.25992631e-02,
       -4.36678296e-03, 1.41360126e-02, 1.22315353e-02, 8.74212664e-03,
       -1.25309182e-02, -5.73517336e-03, -1.30880075e-02,
       -1.93685964e-02, -2.05564182e-02, -7.49847712e-03, 1.34974020e-02,
       1.65169798e-02, -3.12628574e-03, -1.55998487e-02, -1.16252070e-02,
       -1.19671877e-02, -1.36423223e-02, -1.69776697e-02,
       -7.58632435e-04, 1.62500422e-02, 1.27558429e-02, -5.28425677e-03,
       1.09705993e-03, 3.91876165e-05, -2.80681578e-03, -8.33453424e-03,
       -1.77145619e-02, -6.23543921e-04, 1.51833128e-02, 1.34211779e-02,
       3.39936605e-03, -7.31215952e-03, -6.98217936e-03, -9.12536867e-03,
       -8.31373408e-03, -1.47526572e-02, -9.87373991e-04, 8.89522210e-03,
       5.95183950e-03, -3.34887482e-05, -1.03231585e-02, -9.20661166e-03,
       -7.41149066e-03, -8.36564042e-03, -9.02677979e-03, 1.17575517e-02,
       1.83619652e-02, 1.18481088e-02, -2.07900512e-03, -1.40120620e-02,
       -1.12913642e-02, -8.74548033e-03, -8.77004676e-03,
       -5.51626412e-03, 1.14095127e-02, 1.50977317e-02, 1.02209412e-02,
       -7.07465271e-03, -1.67272636e-03, 1.65244453e-02, 2.41822116e-02,
       2.42909975e-02, -9.88921267e-04, -1.99365057e-02, -2.06264574e-02,
       -9.23797302e-03, -9.02573206e-03, -1.92312279e-03, 3.11309285e-02,
       3.58057953e-02, 1.75275058e-02, -1.08486721e-02, -1.88956354e-02,
       -1.60911996e-02, -1.15688452e-02, -1.33396965e-02,
       -3.28015001e-03, 5.58356941e-03, 2.97928043e-02, 2.98566036e-02,
       -1.12230529e-03, -1.30292373e-02, -1.93835944e-02,
       -1.28813703e-02, -5.42137120e-03, -6.73510460e-03, 7.58394878e-03,
       2.56947149e-02, 1.18578887e-02, -1.54308118e-02, -2.22461261e-02,
       -2.10483000e-02, -1.68557502e-02, -1.56223513e-02, 1.09687932e-02,
       4.57409024e-02, 4.64501642e-02, 1.53960930e-02, -1.23988343e-02,
       -1.21634929e-02, -8.25758837e-03, -4.83860588e-03,
       -3.89367039e-03, 9.24050622e-03, 2.66999695e-02, 1.45964306e-02,
       -4.70479671e-03, -1.70592703e-02, -1.48701081e-02,
       -1.34450458e-02, -1.14542460e-02, -7.51569867e-03,
       -4.31027124e-03, 1.17539819e-02, 1.83880366e-02, 4.12433594e-03,
       -1.67954210e-02, -1.85601171e-02, -1.37958517e-02,
       -9.27534327e-03, -9.77187883e-03, -8.22056178e-03,
       -3.37670092e-03, -2.81098066e-03, -5.74188260e-03,
       -1.57759301e-02, -1.86464228e-02, -1.51074408e-02,
       -1.13678714e-02, -1.15814609e-02, 1.09874243e-02, 2.08002441e-02,
       1.16330339e-02, -9.22415580e-04, -7.35052535e-03, -9.90673434e-03,
       -8.27223808e-03, -5.66733535e-03, -2.33739568e-03, 2.51465171e-05,
       1.80179672e-03, -1.35625503e-03, -9.66989086e-04, -7.41495984e-04,
       -2.70074350e-03, -4.18475317e-03, 1.55753817e-03, 2.15022056e-03,
       -4.08268115e-03, -1.97046250e-03, -1.17080926e-03,
       -3.01709259e-03, -5.70025342e-03, -1.23607917e-02,
       -1.09187607e-02, -7.18310243e-03, -1.07255280e-02,
       -6.59752870e-03, -8.46136454e-03, -5.19719860e-03, 1.03407679e-03,
       4.06478811e-03, 1.20805891e-03, -5.39323082e-03, -1.24521088e-03,
       -8.76425952e-03, -3.08917253e-03, -3.51601234e-03, 8.63822934e-04,
       3.30714299e-03, -4.02661448e-04, 1.97716709e-03, -2.19410774e-03,
       5.10714890e-04, 4.42666421e-03, -7.15932716e-03, -7.95531832e-03,
       -6.71004970e-03, -6.80303480e-03, -2.91109201e-03,
       -1.15515366e-04, 3.16275400e-03, 6.60633901e-03, 3.75586119e-03,
       -8.46550241e-03, -7.69136241e-03, -5.90223167e-03,
       -5.55192702e-04, 4.14815499e-03, 2.11021281e-03, -2.83108908e-03,
       4.95850283e-04, -4.10521124e-03, -1.17791547e-02, -4.10235673e-03,
       -4.99781733e-03, -8.54527205e-03, -1.38179073e-03,
       -1.56699622e-03, -6.69145549e-04, 2.55293259e-03, -5.68072777e-03,
       -1.03842886e-02, -2.85250833e-03, -4.19586105e-03,
       -1.04973782e-02, 1.01964160e-05, -1.14912889e-03, 1.47732277e-03,
       9.80829075e-03, 2.27724831e-03, -5.58843045e-03, -1.36619096e-03,
       -6.71826908e-03, -8.77252221e-03, 2.10305140e-03, 5.04726078e-03,
